-23.4379954133
-23.4502907775
-23.4625861362
-23.4748827154
-23.4871780626
-23.4994734041
-23.511769966
-23.5240652958
-23.5363618458
-23.5486571636
-23.5609524752
-23.5732490069
-23.5855443062
-23.5978408254
-23.610136112
-23.6224313922
-23.6347278921
-23.6470231592
-23.6593184197
-23.6716148997
-23.6839101468
-23.6962066132
-23.7085018466
-23.720797073
-23.7330935186
-23.7453887309
-23.7576839361
-23.7699803602
-23.7822755509
-23.7945719605
-23.8068671364
-23.8191623048
-23.8191623048
-23.831458692
-23.8437538453
-23.8560489909
-23.868345355
-23.8806404851
-23.8929368336
-23.9052319479
-23.9175270542
-23.9298233787
-23.9421184688
-23.9544135507
-23.9667098506
-23.9790049159
-23.9913011991
-24.0035962476
-24.0158912876
-24.0281875452
-24.040482568
-24.0527788082
-24.0650738135
-24.0773688099
-24.0896650236
-24.1019600021
-24.1142549716
-24.1265511581
-24.1388461093
-24.1511422775
-24.1634372102
-24.1757321335
-24.1880282735
-24.2003231779
-24.2126180726
-24.224914184
-24.224914184
-24.2372090595
-24.2495051513
-24.2618000072
-24.2740948532
-24.2863909154
-24.2986857414
-24.3109805573
-24.3232765893
-24.3355713848
-24.3478673962
-24.3601621712
-24.3724569357
-24.3847529158
-24.3970476593
-24.4093436183
-24.4216383405
-24.433933052
-24.4462289788
-24.4585236685
-24.4708183473
-24.4831142413
-24.4954088981
-24.5077047698
-24.5199994042
-24.5322940274
-24.5445898654
-24.5568844658
-24.5691790548
-24.5814748583
-24.5937694242
-24.6060652045
-24.618359747
-24.618359747
-24.6306542777
-24.6429500226
-24.6552445295
-24.6675390245
-24.6798347335
-24.6921292042
-24.7044248889
-24.7167193353
-24.7290137693
-24.7413094171
-24.7536038263
-24.7658994491
-24.7781938332
-24.7904882047
-24.8027837896
-24.8150781356
-24.8273724688
-24.8396680152
-24.8519623225
-24.8642578429
-24.8765521241
-24.8888463921
-24.901141873
-24.9134361146
-24.9257303427
-24.9380257835
-24.9503199848
-24.9626153986
-24.9749095727
-24.987203733
-24.9994991058
-25.0117932386
-25.0117932386
-25.0240873576
-25.0363826887
-25.0486767796
-25.0609720826
-25.0732661454
-25.085560194
-25.0978554544
-25.1101494743
-25.1224447059
-25.134738697
-25.1470326736
-25.1593278616
-25.1716218089
-25.1839157414
-25.1962108853
-25.2085047882
-25.2207999022
-25.2330937752
-25.2453876331
-25.257682702
-25.2699765296
-25.282270342
-25.2945653651
-25.3068591468
-25.319154139
-25.3314478897
-25.3437416248
-25.3560365704
-25.3683302741
-25.3806239621
-25.3929188603
-25.4052125166
-25.4052125166
-25.4175073829
-25.4298010071
-25.4420946152
-25.4543894332
-25.466683009
-25.4789765684
-25.4912713375
-25.5035648641
-25.5158596003
-25.5281530939
-25.5404465708
-25.5527412571
-25.5650347006
-25.5773293533
-25.5896227631
-25.601916156
-25.6142107578
-25.6265041166
-25.6387974582
-25.6510920085
-25.6633853156
-25.6756798314
-25.6879731038
-25.7002663586
-25.712560822
-25.7248540417
-25.7371472437
-25.7494416541
-25.7617348206
-25.7740291952
-25.7863223259
-25.7986154386
-25.7986154386
-25.8109097593
-25.8232028358
-25.8354958941
-25.8477901602
-25.8600831819
-25.8723774113
-25.8846703961
-25.8969633625
-25.9092575363
-25.9215504654
-25.9338446018
-25.9461374934
-25.9584303662
-25.9707244461
-25.983017281
-25.9953100968
-26.0076041195
-26.0198968971
-26.0321908814
-26.0444836204
-26.05677634
-26.0690702662
-26.0813629469
-26.093655608
-26.1059494755
-26.1182420973
-26.1305359253
-26.1428285075
-26.1551210698
-26.1674148381
-26.1797073605
-26.1919998627
-26.1919998627
-26.2042935707
-26.2165860326
-26.2288797001
-26.2411721214
-26.2534645222
-26.2657581284
-26.2780504882
-26.2903440533
-26.3026363718
-26.3149286696
-26.3272221724
-26.3395144285
-26.3518066636
-26.3641001036
-26.3763922967
-26.3886856945
-26.4009778452
-26.4132699747
-26.4255633087
-26.4378553954
-26.4501474607
-26.4624407303
-26.4747327524
-26.4870259788
-26.4993179575
-26.5116099145
-26.5239030755
-26.5361949887
-26.5484868799
-26.5607799749
-26.5730718219
-26.5853648726
-26.5853648726
-26.5976566752
-26.6099484555
-26.6222414393
-26.6345331748
-26.6468261136
-26.659117804
-26.6714094717
-26.6837023426
-26.6959939649
-26.7082855643
-26.7205783667
-26.7328699203
-26.7451626767
-26.7574541841
-26.7697456684
-26.7820383553
-26.794329793
-26.8066212074
-26.8189138242
-26.8312051917
-26.8434977615
-26.8557890818
-26.8680803784
-26.8803728771
-26.8926641262
-26.9049553513
-26.9172477784
-26.9295389556
-26.9418313346
-26.9541224636
-26.9664135684
-26.9787058747
-26.9787058747
-26.9909969309
-27.0032891884
-27.0155801957
-27.0278711785
-27.0401633625
-27.052454296
-27.0647452048
-27.0770373145
-27.0893281736
-27.1016202336
-27.1139110428
-27.126201827
-27.1384938117
-27.1507845456
-27.1630752541
-27.1753671632
-27.187657821
-27.1999496792
-27.2122402861
-27.2245308675
-27.2368226489
-27.2491131789
-27.2614036831
-27.2736953871
-27.2859858396
-27.2982774918
-27.3105678922
-27.3228582666
-27.3351498405
-27.3474401624
-27.359730458
-27.372021953
-27.372021953
-27.3843121958
-27.3966036379
-27.4088938277
-27.4211839908
-27.433475353
-27.4457654627
-27.4580567713
-27.4703468273
-27.4826368563
-27.494928084
-27.507218059
-27.5195080068
-27.531799153
-27.5440890463
-27.556380138
-27.5686699765
-27.5809597876
-27.5932507968
-27.6055405527
-27.6178302809
-27.6301212071
-27.6424108798
-27.6547017503
-27.6669913672
-27.6792809561
-27.6915717426
-27.7038612753
-27.7161507799
-27.7284414818
-27.7407309297
-27.7530215749
-27.765310966
-27.765310966
-27.7776003285
-27.7898908881
-27.8021801935
-27.8144706957
-27.8267599435
-27.8390491625
-27.8513395782
-27.8636287393
-27.8759178713
-27.8882081999
-27.9004972736
-27.9127875437
-27.925076559
-27.9373655448
-27.9496557268
-27.9619446537
-27.974233551
-27.9865236443
-27.9988124823
-28.0111025162
-28.0233912946
-28.0356800431
-28.0479699872
-28.0602586758
-28.0725473342
-28.0848371881
-28.0971257862
-28.1094155795
-28.121704117
-28.133992624
-28.1462823261
-28.1585707721
-28.1585707721
-28.170860413
-28.1831487977
-28.1954371516
-28.2077267003
-28.2200149926
-28.2323032539
-28.2445927098
-28.2568809091
-28.2691703027
-28.2814584396
-28.2937465453
-28.3060358451
-28.3183238881
-28.3306118996
-28.342901105
-28.3551890533
-28.3674781955
-28.3797660805
-28.3920539337
-28.4043429805
-28.4166307699
-28.4289185273
-28.4412074782
-28.4534951715
-28.465784058
-28.4780716868
-28.4903592834
-28.502648073
-28.5149356047
-28.5272243293
-28.5395117959
-28.5517992299
-28.5640878567
-28.5640878567
-28.5763752252
-28.5886625609
-28.6009510891
-28.6132383589
-28.6255268211
-28.6378140248
-28.6501011953
-28.662389558
-28.6746766621
-28.6869637327
-28.6992519953
-28.7115389991
-28.7238271947
-28.7361141313
-28.7484010342
-28.7606891287
-28.772975964
-28.7852627655
-28.7975507584
-28.8098374919
-28.8221254167
-28.8344120819
-28.846698713
-28.8589865352
-28.8712730976
-28.8835596257
-28.8958473447
-28.9081338037
-28.9204214535
-28.9327078433
-28.9449941984
-28.9449941984
-28.957281744
-28.9695680295
-28.9818555053
-28.9941417208
-29.0064279012
-29.0187152719
-29.031001382
-29.0432874569
-29.0555747218
-29.067860726
-29.08014792
-29.0924338533
-29.1047197509
-29.1170068382
-29.1292926645
-29.1415784551
-29.153865435
-29.1661511538
-29.1784380619
-29.1907237087
-29.2030093194
-29.2152961192
-29.2275816574
-29.2398671594
-29.2521538503
-29.2644392795
-29.2767258974
-29.2890112536
-29.3012965731
-29.3135830812
-29.3258683273
-29.3381547618
-29.3504399341
-29.3504399341
-29.3627250696
-29.3750113932
-29.3872964545
-29.3995814787
-29.4118676909
-29.4241526406
-29.4364387781
-29.4487236531
-29.4610084906
-29.4732945157
-29.485579278
-29.4978640027
-29.5101499148
-29.5224345639
-29.5347204004
-29.5470049737
-29.559289509
-29.5715752315
-29.5838596906
-29.5961441116
-29.6084297195
-29.6207140639
-29.632999595
-29.6452838625
-29.6575680916
-29.6698535071
-29.6821376589
-29.6944229971
-29.7067070715
-29.7189911069
-29.7312763286
-29.7312763286
-29.7435602862
-29.7558442047
-29.7681293092
-29.7804131495
-29.7926981756
-29.8049819373
-29.8172656597
-29.8295505677
-29.8418342111
-29.854117815
-29.8664026043
-29.8786861288
-29.8909708387
-29.9032542836
-29.9155376887
-29.9278222789
-29.940105604
-29.952388889
-29.9646733589
-29.9769565635
-29.9892409529
-30.0015240769
-30.0138071605
-30.0260914287
-30.0383744313
-30.0506586182
-30.0629415395
-30.0752244201
-30.0875084848
-30.0997912837
-30.1120740417
-30.1243579836
-30.1366406595
-30.1366406595
-30.1489245193
-30.1612071128
-30.1734896652
-30.1857734011
-30.1980558707
-30.2103382988
-30.2226219104
-30.2349042554
-30.2471877837
-30.2594700453
-30.2717522652
-30.2840356682
-30.2963178043
-30.3085998984
-30.3208831754
-30.3331651854
-30.3454483781
-30.3577303036
-30.3700121869
-30.3822952526
-30.3945770511
-30.406858807
-30.4191417453
-30.431423416
-30.4437062689
-30.4559878542
-30.4682693967
-30.4805521211
-30.4928335777
-30.5051162161
-30.5173975866
-30.5296789139
-30.5296789139
-30.5419614228
-30.5542426637
-30.5665238611
-30.57880624
-30.5910873506
-30.6033696424
-30.6156506658
-30.6279316456
-30.6402138064
-30.6524946986
-30.6647755469
-30.6770575761
-30.6893383364
-30.7016202775
-30.7139009497
-30.7261815777
-30.7384633861
-30.7507439255
-30.7630244205
-30.7753060957
-30.7875865017
-30.7998680879
-30.8121484046
-30.8244286766
-30.8367101286
-30.848990311
-30.8612716731
-30.8735517656
-30.8858318131
-30.8981130401
-30.9103929972
-30.9226729091
-30.9226729091
-30.9349540004
-30.9472338216
-30.959514822
-30.9717945523
-30.984074237
-30.9963551007
-31.0086346941
-31.0209142416
-31.033194968
-31.0454744239
-31.0577550584
-31.0700344223
-31.0823137401
-31.0945942363
-31.1068734617
-31.1191526408
-31.1314329982
-31.1437120845
-31.1559923489
-31.1682713422
-31.1805502889
-31.1928304135
-31.2051092667
-31.2173892977
-31.2296680573
-31.2419467699
-31.2542266601
-31.2665052786
-31.27878385
-31.2910635988
-31.3033420757
-31.3156217298
-31.3156217298
-31.327900112
-31.3401784467
-31.3524579584
-31.364736198
-31.37701439
-31.3892937587
-31.4015718551
-31.4138511282
-31.4261291289
-31.4384070815
-31.4506862106
-31.4629640671
-31.4752418754
-31.4875208599
-31.4997985717
-31.5120774595
-31.5243550744
-31.5366326409
-31.5489113831
-31.5611888523
-31.5734674973
-31.585744869
-31.5980221919
-31.6103006903
-31.6225779153
-31.6348550913
-31.6471334426
-31.6594105203
-31.6716887732
-31.6839657525
-31.6962426823
-31.7085207871
-31.7085207871
-31.7207976181
-31.7330743995
-31.7453523556
-31.7576290377
-31.7699068944
-31.7821834769
-31.7944600095
-31.8067377166
-31.8190141492
-31.8312905319
-31.8435680887
-31.8558443709
-31.8681218272
-31.8803980089
-31.8926741401
-31.9049514452
-31.9172274754
-31.9295034551
-31.9417806084
-31.9540564866
-31.9663335384
-31.978609315
-31.9908850407
-32.0031619396
-32.0154375632
-32.02771436
-32.0399898813
-32.0522653514
-32.0645419944
-32.0768173618
-32.0890926777
-32.1013691664
-32.1013691664
-32.1136443792
-32.1259207646
-32.1381958741
-32.1504709318
-32.1627471619
-32.1750221159
-32.1872970179
-32.199573092
-32.2118478899
-32.2241238598
-32.2363985533
-32.2486731945
-32.2609490074
-32.2732235438
-32.2854980277
-32.2977736832
-32.3100480619
-32.3223236121
-32.3345978854
-32.3468721059
-32.3591474976
-32.3714216122
-32.3836968979
-32.3959709065
-32.4082448619
-32.4205199882
-32.4327938371
-32.4450676327
-32.4573425989
-32.4696162876
-32.4818911469
-32.4941647284
-32.4941647284
-32.5064382563
-32.5187129545
-32.5309863749
-32.5432597414
-32.555534278
-32.5678075366
-32.5800819652
-32.5923551156
-32.6046282118
-32.6169024778
-32.6291754655
-32.6414483987
-32.6537225015
-32.6659953258
-32.6782693195
-32.6905420346
-32.702814695
-32.7150885245
-32.7273610753
-32.7396347951
-32.751907236
-32.7641796218
-32.7764531765
-32.7887254521
-32.8009976724
-32.8132710614
-32.825543171
-32.8378164492
-32.8500884479
-32.8623603911
-32.8746335026
-32.8869053345
-32.8991771106
-32.8991771106
-32.9114500548
-32.9237217192
-32.9359945516
-32.948266104
-32.9605376004
-32.9728102645
-32.9850816485
-32.9973529763
-33.0096254715
-33.0218966865
-33.0341690688
-33.0464401708
-33.0587112162
-33.0709834287
-33.0832543607
-33.0955264597
-33.107797278
-33.1200680394
-33.1323399676
-33.1446106149
-33.1568812052
-33.1691529619
-33.1814234377
-33.1936950799
-33.205965441
-33.2182357446
-33.2305072144
-33.2427774029
-33.2550475338
-33.2673188307
-33.2795888461
-33.2918600273
-33.2918600273
-33.3041299269
-33.3163997686
-33.3286707759
-33.3409405014
-33.3532101688
-33.3654810015
-33.3777505524
-33.3900212685
-33.4022907025
-33.414560078
-33.4268306186
-33.439099877
-33.4513690766
-33.4636394411
-33.4759085232
-33.48817877
-33.5004477342
-33.5127166395
-33.5249867092
-33.5372554962
-33.5495254475
-33.561794116
-33.5740627252
-33.5863324985
-33.5986009888
-33.6108694195
-33.6231390142
-33.6354073257
-33.6476768009
-33.6599449928
-33.6722131249
-33.6844824206
-33.6844824206
-33.6967504327
-33.7090183848
-33.7212875002
-33.733555332
-33.745824327
-33.7580920382
-33.770359689
-33.7826285028
-33.7948960326
-33.8071635019
-33.8194321339
-33.8316994818
-33.8439679923
-33.8562352186
-33.868502384
-33.8807707118
-33.8930377551
-33.9053059608
-33.9175728818
-33.9298397417
-33.9421077636
-33.9543745008
-33.9666411765
-33.9789090141
-33.9911755668
-34.0034432812
-34.0157097106
-34.0279760782
-34.0402436073
-34.0525098512
-34.0647760332
-34.0770433764
-34.0770433764
-34.0893094343
-34.1015766533
-34.1138425868
-34.126108458
-34.1383754901
-34.1506412366
-34.1629069206
-34.1751737653
-34.1874393241
-34.1997060436
-34.211971477
-34.2242368476
-34.2365033786
-34.2487686235
-34.2610350285
-34.2733001473
-34.285565203
-34.2978314187
-34.3100963479
-34.3223612138
-34.3346272394
-34.3468919785
-34.3591578772
-34.3714224891
-34.3836870375
-34.3959527452
-34.408217166
-34.420481523
-34.4327470392
-34.4450112682
-34.4572766564
-34.4695407573
-34.4695407573
-34.4818047941
-34.4940699897
-34.506333898
-34.5185977419
-34.5308627444
-34.5431264593
-34.5553913328
-34.5676549185
-34.5799184396
-34.592183119
-34.6044465104
-34.6167110601
-34.6289743217
-34.6412375184
-34.6535018729
-34.6657649393
-34.6780279405
-34.6902920994
-34.70255497
-34.7148189981
-34.7270817378
-34.7393444119
-34.7516082434
-34.7638707863
-34.7761332635
-34.7883968977
-34.8006592432
-34.8129227457
-34.8251849592
-34.8374471067
-34.849710411
-34.8619724261
-34.8619724261
-34.8742343751
-34.8864974805
-34.8987592967
-34.9110222694
-34.9232839526
-34.9355455693
-34.9478083421
-34.9600698254
-34.9723312419
-34.9845938144
-34.9968550972
-35.0091175358
-35.0213786845
-35.0336397662
-35.0459020035
-35.0581629507
-35.0704250534
-35.082685866
-35.0949466112
-35.1072085116
-35.1194691217
-35.1317296642
-35.1439913617
-35.1562517687
-35.1685133306
-35.1807736019
-35.1930338053
-35.2052951634
-35.2175552306
-35.2298152298
-35.2420763834
-35.254336246
-35.2665972629
